

1
3 2
1 0
0 1
0 0


1
10 4
-2 -8
-3 8
7 -6
-4 -4
0 2
-2 -8
-7 -3
-3 5
-5 4
-7 2



1
100 100
17453 25823
205495 304045
483054 714714
216192 319872
371580 549780
490936 726376
374958 554778
477987 707217
367076 543116
508952 753032
328792 486472
459971 680561
364261 538951
298953 442323
348497 515627
59115 87465
521901 772191
212814 314874
31528 46648
90643 134113
47855 70805
1126 1666
475735 703885
288819 427329
124986 184926
491499 727209
256165 379015
207747 307377
557933 825503
322599 477309
279248 413168
110348 163268
244342 361522
105844 156604
97399 144109
50670 74970
165522 244902
388470 574770
91769 135779
441955 653905
445896 659736
9008 13328
407049 602259
211125 312375
516834 764694
204932 303212
199302 294882
82198 121618
174530 258230
27587 40817
40536 59976
224637 332367
305146 451486
153136 226576
446459 660569
296701 438991
225200 333200
433510 641410
227452 336532
367076 543116
92895 137445
508952 753032
538791 797181
439703 650573
307398 454818
350186 518126
233645 345695
30402 44982
416620 616420
524716 776356
532598 788018
193109 285719
554555 820505
275870 408170
179597 265727
489247 723877
171152 253232
459408 679728
336674 498134
320910 474810
145254 214914
213377 315707
219007 324037
315280 466480
179034 264894
56300 83300
278685 412335
309650 458150
489810 724710
541043 800513
2815 4165
432384 639744
516271 763861
478550 708050
440829 652239
367639 543949
479676 709716
223511 330701
542732 803012
69812 103292

1
2000 333
161751 234504
213697 866441
-532058 117288
-509314 434609
805428 634895
163948 -251458
261653 944600
-773720 -942163
-625722 -2254
-983658 100683
-474909 560114
-639298 -502299
-9282 299916
850769 -549205
-87572 -536085
954436 -777242
582909 379255
-777837 977988
156143 -936026
-871694 -219951
87630 717888
942463 -487438
806257 486391
835303 -202536
936680 623373
-345164 -102889
670328 -129139
211866 -34407
-745960 -158060
119490 -580314
887016 147829
-187108 -406656
885797 893629
-231244 832873
339709 -602273
-29829 9228
950983 918790
808050 -558300
-354487 934444
-995658 -273162
-667885 135220
358635 -779874
584986 -215955
827244 175454
-718743 894463
-927955 549378
-595940 -663234
817152 29448
723464 951041
-915236 -607603
-376190 -542751
822142 154657
583414 668700
463716 -286891
-882194 237236
-314599 -955219
-935232 215937
-725503 612859
309934 -599497
936232 -855622
683788 -461476
-820672 -458633
120394 -164697
-623525 591881
247811 62980
364031 -905763
-123661 283148
976959 511482
498506 -193887
-782637 -729319
-78697 -552149
-339091 -303203
-175180 46089
202222 -536758
-241968 -133072
-800916 -772153
-463738 279873
-117481 -344831
-392895 -857129
-586088 233868
976875 748511
-169408 683044
82370 -451179
211322 232379
173640 776358
175356 -215075
-744625 17383
927850 191061
728225 79395
414404 110491
111836 353484
209395 -591654
152240 879705
-686290 658975
662204 594747
-196073 913815
-367544 -110440
70978 221326
-325083 -637858
299779 -332878
-677565 -933405
590781 309336
536497 484993
194714 -870677
-681257 -607869
130087 -709644
-211371 -482219
181851 935565
237941 -365865
581652 352625
-564041 -918122
-458920 -201838
-244305 470315
697341 -924246
455317 -263144
866306 -444591
-103054 751895
-707850 -231483
928729 289452
329922 262590
890896 910013
735341 30178
-241507 155697
59083 41045
-252523 -125443
220999 -412966
96910 -41804
195318 -283750
-873950 278468
-245230 -920504
-969108 35266
988224 917620
446314 376816
-956130 793161
464484 -60293
290971 709789
447692 -746721
-832762 -96455
100965 -411864
-988287 -860799
517340 369861
-214477 -200923
359314 535207
-526154 -649950
-766173 398225
466772 399998
-329247 -71962
-465194 -755168
383706 -589247
-928426 709451
847664 -980488
-481328 -282988
-162204 -556683
-420433 893626
427985 72494
-639138 921702
984951 128528
81606 -234344
-436031 107010
789514 907157
-507148 -428497
448444 -86050
-459441 -903609
-742304 -658984
557037 248229
-427709 -791368
-675937 567769
44179 465978
-340201 -841235
245793 -723999
-822950 604285
-99808 97499
-617328 -960395
-340114 852022
66810 9165
719444 -25630
409024 -576481
-498460 -370169
-832612 795357
350189 157734
-606283 -389640
-231327 569755
-232425 517578
459435 -865058
568102 -928407
-963890 426492
771849 894516
-283221 -619679
-953111 351796
-758771 -138323
-823280 -810452
-769335 -803435
-698278 -41193
910050 -348974
484408 781534
152448 148144
-834330 -909061
-848716 554737
-832436 72538
275986 -903368
929661 -884040
-92989 523062
853584 -74873
-715649 530776
-729174 -93646
335877 -393836
642271 -888864
386814 627809
858197 22220
-384822 423558
381109 918121
474724 342653
-537427 -858503
-649802 204513
-663855 531841
-359132 126580
859574 722739
916939 615637
-707728 -763318
931870 -524802
618634 -73708
44249 32755
235330 -6992
844114 -553203
-436804 815705
-358035 -293442
678731 -577091
91936 542047
-155081 -537213
514559 -441233
-133769 845261
127014 738588
-836604 747306
-250906 319237
880312 817390
940067 803082
74409 -953765
866515 710513
-873658 359726
-117090 225905
952939 389012
-185197 190826
-714231 398103
-591811 66643
274381 988416
-996422 264874
314976 748008
593674 -859263
723155 114904
353651 -785224
282152 -507810
398139 83324
781905 692548
-770264 776045
38793 121803
458576 -456270
929654 416926
213977 268848
-699601 -266323
-21670 -228009
360314 -824832
420212 272066
-882391 913054
-14459 177205
-616947 375517
-508957 2021
-719937 690146
-259437 914521
-432649 -496794
375221 937345
534414 -638266
-969525 553405
472720 849773
863550 -210846
-296416 207752
-892792 994493
560112 801550
-672643 -344139
843536 988186
-196764 561232
-453508 934843
650864 839372
-400581 949719
975359 -78019
-82036 -437011
-438427 431040
367549 -955764
5894 -709993
216170 560446
-541204 338182
429847 -9034
-537058 634573
597878 522608
256803 48160
313840 139103
511681 498151
731867 -6086
82946 -612557
-455874 941667
-633211 908004
-436297 -44502
-436364 929884
104077 742997
-668771 -453467
480954 830028
-684177 -883410
935268 -470150
-26814 260169
-828107 412537
-223927 -256523
-792924 -290695
551594 -153871
-398669 -742328
-851941 -939972
836383 899578
-831807 -197572
262847 -611596
-377998 -57108
116584 636334
-111146 361267
-299879 495850
-326535 -870861
-95206 -224489
-517405 -167724
-16596 -512886
-352857 -675477
-551478 -401631
305991 444178
-824799 -163632
168477 -241354
-350854 -319810
-754710 -232105
-490699 -727215
812005 776104
542189 -145366
726736 -299808
-321643 324191
-4843 532786
896979 -216283
-851038 -75742
-391639 -896380
-42062 272905
-664753 718418
-42365 -880771
485642 -963947
-850466 241052
-758576 -364141
342997 -982777
-949340 -844614
688807 -722079
703662 -949059
118063 -86774
-103665 -987127
-361262 -693539
566596 72295
-851896 115230
285716 -16818
-505443 951464
227433 214122
98038 -344882
15976 -784907
264700 -563622
-323470 -926587
-508544 396286
-499094 -914348
727312 251343
940149 -487021
615176 315316
-918863 624733
995107 -524078
-891474 251538
399201 -437937
-773500 -889469
-868590 -577
-265208 -230268
977917 -150640
-99100 575884
237409 -490891
543004 863766
838700 425655
-220002 3434
15379 483760
-612634 421866
-518810 -291534
377746 667414
595102 266983
-361364 -553639
149894 -352878
-350678 -310919
16556 430615
771748 187039
506117 108042
790548 -501352
438161 -665356
78211 -815686
-306721 -587782
318235 -142313
-43250 197867
-716855 982239
335171 229817
708879 818281
-222442 20969
-798025 917962
543582 684778
288617 -963062
820375 531059
927736 -889910
440898 135673
-607571 960006
984008 -169999
611512 -314754
243013 818832
-967107 -978814
-487071 -66769
921810 -846072
563358 -305681
268274 615664
360738 997221
-244619 218181
2223 259631
85300 635621
346775 -749995
957966 -223949
-535938 -957628
825608 -284900
-114886 221344
59772 -193216
772412 823134
-932438 81455
-124703 -458598
-245107 39256
954777 -366447
-450025 -306312
-541661 -142122
-666752 295838
-129794 -308003
-703505 234476
-840093 887784
479656 496095
-276374 569687
130609 -924685
885392 435498
993082 27677
-960300 765091
-198912 -667647
-365196 274556
-100024 86691
-640363 741274
236024 -487657
-912286 757109
-476779 -471079
-305443 -529483
413523 799126
-888619 333642
-234640 -209112
547367 584071
-318993 -344290
537257 -153468
-912884 -738572
955808 -316461
-473230 192649
724815 280586
-784233 -522742
426681 -381574
-790085 -594177
538456 816446
-457221 164826
-525783 843894
-495412 668840
774772 -202385
-391956 -960670
836825 526692
-480142 176733
-572082 -531859
86731 341578
253618 821068
23942 277245
-865692 -379287
-716182 -721863
-549081 803833
-33557 -732970
-700620 908306
294340 413111
-838917 -14033
638276 455877
856579 -442398
-450657 249910
-370805 705681
-375248 713157
-157827 965224
191099 -960598
613632 725022
-534984 834385
613365 -108764
262030 350530
-774959 -987048
883317 -72416
529352 667249
-985024 92847
596526 -384381
751461 -665777
842747 900598
-155048 462625
694405 257784
-559822 -174987
555035 973645
-87143 -859965
329475 103427
186721 212688
182782 854783
-148569 -864355
-769431 -371555
-916460 -588872
-622332 807276
99378 954682
205607 93476
-838223 358913
703561 -309030
765416 -158916
967377 670147
857874 171765
432063 -729542
-122620 -602476
959852 -407072
-250767 -993614
240825 -779273
413258 19674
176320 -947185
343637 466137
-738731 140580
251814 -548228
473699 -180844
538946 -612903
302180 -881562
920190 956570
-450502 470119
-980966 -266334
946150 511772
-857931 -262885
-854492 -476414
514880 743789
-324357 -312100
790667 563825
-161061 600603
-516559 -506966
295283 209637
236074 911315
685841 87388
765810 608607
303235 -117099
406732 542268
-264922 -510560
-50574 531275
445166 -574358
-952961 568715
657731 456925
-40602 -317076
-536822 -566807
895844 976286
607218 -649234
-792059 -126870
-907524 -773058
227510 -874637
907107 -5982
-182020 444304
866448 461634
353721 122635
641351 970843
-810109 -342721
887765 -140165
10496 -333933
-373086 83350
306550 -918975
480666 702471
-440553 -366094
716125 -992155
398360 -262411
351016 74536
395877 251286
543285 560620
-535145 -572942
-615082 -277996
440733 95123
-256281 -743604
569441 7796
-312375 908960
-356185 525692
553249 -964316
-444913 -339770
213606 434766
589921 -209265
-745637 793091
-811600 -831204
-311235 -331547
-298014 -902276
-410124 5699
375669 -567200
715941 -230988
403480 668334
903451 -20629
302201 -583385
-177654 -608479
-934825 182668
-855100 104020
991983 -924856
-387926 186360
-961919 -125701
-148937 -303083
854145 356928
325611 -829542
-598654 642673
-953609 -43238
996151 -829142
660190 62975
61367 758011
-525658 -267632
853222 -794763
423665 86807
-996206 -955184
447882 -766241
78055 365154
-163261 -457539
-199197 -68219
-820160 502928
349998 -463310
390448 -556485
246718 930416
-36070 733440
-99003 -985330
260556 69515
-918080 103103
-694459 -742834
218016 830113
-240516 -834441
168615 -241852
-771523 728914
-946155 601089
518616 811183
-499303 -151106
-737528 -824895
473792 -90655
22791 -910031
150789 -31011
-94271 -68630
554258 -947791
-611567 -977289
314909 812391
-279312 517403
-704921 436755
625488 100284
-920743 10658
281026 453450
-627087 -96195
-206692 -168444
318249 386789
487314 -315845
-271827 387727
142213 -642546
621359 565065
939239 -543031
-685596 -125819
-260516 143905
-12674 -987693
-898576 -200003
-137513 942856
691314 240779
135699 -534290
-648984 -259759
-266707 483784
-899577 499365
-451702 -855407
-184608 -779315
-829262 559150
-307534 862221
-901801 -869857
-931307 -747210
-702536 -325446
137513 250719
-734575 -774617
21166 397346
-991139 693121
529994 -845519
849254 -526531
-305751 564448
-164463 515360
-25679 404909
48285 895631
-24292 -810897
775742 -824122
-160931 -930177
-784206 701613
-245328 437812
-456800 -90772
532043 137069
-554554 -201769
-885095 -467063
340513 -454921
-432709 76860
-771337 884777
729839 408804
148681 -141157
-194673 489953
-629634 -463100
-872326 -160565
567326 -778946
543031 -631751
-855167 216201
-703460 768826
224482 983827
335673 -787959
829395 566941
-551897 -456996
474117 -902188
-238048 -684087
386315 -198713
289418 386695
241483 -253035
177774 281920
603040 73015
967567 -753774
76223 42616
375655 912255
-731077 188574
524731 -313588
-294653 668813
-47765 947085
223270 -614395
465652 -723315
-796016 588792
-450589 -190507
-1822 201025
-477239 439721
102027 299615
851750 -217430
-69390 -162522
857538 -856588
-792781 885539
451652 -951575
465941 319176
360767 -435867
-281455 630046
307784 -262898
12967 -748555
115161 538547
-382462 -80174
-678305 -986650
-845035 781354
405521 6346
910021 349216
-281231 288606
-68264 967571
636678 -434470
679443 880361
-358276 426753
647708 -489538
139490 -586968
670526 575475
222676 -940513
-860606 970875
997232 16748
151970 560158
601003 453528
828754 -632403
238129 -53509
-392582 -142615
-376465 993536
-992074 -437735
-427596 -503215
949421 539861
-102243 275568
514024 763213
693204 -662898
-248382 -876906
-735085 -170351
226303 592313
61226 236742
965924 -52570
780606 -353388
-302506 976908
-428284 -386574
-439956 -953822
981624 137876
-755718 777552
645134 483665
-842383 15517
-828525 -842747
-81526 -817320
651863 239196
405722 -540802
-161568 -413138
214726 -142067
103204 635372
498108 -29124
644378 651645
624848 898956
204325 -558473
695001 431198
-921412 -877449
629944 -172989
-910556 -877840
927677 -252219
423944 353603
465534 -754856
107439 679598
-877995 -710992
-948532 66488
22785 -356708
631608 938733
-532534 -53628
-287846 -90495
-398905 820141
-36034 822308
-520066 635000
690343 69893
-704893 748662
-994492 -110042
-513063 356760
911297 583945
902170 333488
128448 950138
-707396 -674206
363538 -897361
-210114 -153966
-224663 -963839
-492235 375627
237141 241071
621151 957308
-858501 -56445
423735 -100609
419378 -262202
-419580 -345057
850025 803446
555174 925378
-216577 75178
-962503 57261
872131 -812151
-948954 968438
325378 -160459
288671 -310441
-153734 632144
-617622 -321616
-278640 -601784
960636 -660800
-718692 468710
698921 193257
-990634 55206
-680761 -708909
479578 180667
-985337 660534
861843 601531
210138 -814606
-150598 624716
-979032 947714
658792 208341
-864753 425556
835103 119929
-665803 5764
618602 -285269
-522369 934641
-967490 836878
47190 681437
499957 -192235
601293 -658715
-940833 -480102
-491793 -560584
-58708 -996088
-185510 536863
-345684 361624
598805 853585
591622 708810
330134 62885
823380 227484
966887 -68722
412789 -138441
-531807 -389580
-179376 -871499
378655 68436
-379332 -659048
-316722 377587
-47423 987922
-701046 -514879
-466828 224953
-465204 -506682
478496 -529129
-475508 -780804
-199680 -583583
995551 860315
790408 682932
699165 776271
215388 852974
-250170 -822398
-772811 492797
410251 -814123
864850 194801
255714 716011
-591060 450219
-299482 452329
519966 -867856
793484 794901
332690 705750
-560347 414375
931034 -782024
144056 -39587
261566 378341
-357283 -790958
904361 -137456
509837 -414208
416935 -778243
-618595 709802
657648 -815901
466693 -132173
627043 -394883
873245 -716096
300929 217639
877037 690390
785175 -85280
-582487 321907
636614 -474699
796792 770375
-882022 946264
-586387 -644421
756837 -221633
201812 -461738
556648 -628683
281764 835331
945204 861909
918227 795791
698513 -700959
-331358 671838
883595 -276795
-764774 -366927
521004 -899547
77284 191073
-201490 -474852
982020 -125258
745222 -962998
-194295 181571
563919 935477
-390557 763132
-575100 161733
562172 -727396
-583641 -944188
-857700 -568892
-45936 -711193
218485 -233866
921391 136936
-490651 -876232
348176 498546
-273547 -864182
982351 118034
549404 -800002
250818 662313
769935 826509
969355 890871
-68310 304956
338698 -392319
-941681 266991
58315 2792
-842691 386337
-606840 720996
852415 567560
309145 -23268
-407389 87768
-838099 278771
830344 43443
-765178 -136649
-530478 -464508
-892514 161320
-909966 -135690
-512011 456311
947909 -411064
407199 -460117
-293635 221914
-379619 127096
827667 901395
212271 256725
-419956 400703
652588 569802
-468705 -206409
-663735 453726
-299011 -552085
-791798 -707344
280086 885871
-297166 293463
41981 -91514
-921460 -427782
923806 -241807
884695 901958
-721804 -671808
-223425 -205098
910668 622603
726533 -583648
564498 -254612
-946776 976726
940771 948444
-544188 551246
140254 -531277
546543 -674397
748204 786883
-919558 550694
-871995 -420358
719284 483708
280442 262205
-918864 -664195
721495 -551840
116023 379049
-391654 -660901
-209238 -499593
-207432 772329
674836 424430
934072 38381
761576 -765414
-963321 518008
-636334 728721
301108 559275
661317 497087
374103 -924348
-866068 -512131
187422 -321319
-436089 91444
805793 951077
-222315 785373
-300151 -287556
-587888 -331115
69161 -200997
481873 -198235
611665 562538
-3623 -430833
-815258 956986
-533342 660754
-957382 -414699
-251482 720928
313461 -67647
131314 -289453
166717 -688501
-249417 423532
-536792 835635
567262 559448
2503 391163
17243 252774
652497 -606098
684666 611936
255839 -516475
-179982 646677
-308594 -132825
-864390 -480934
-389217 -901308
-851263 -850166
704520 92415
-942581 -798059
-93276 858948
629128 -10572
-701281 -892032
-844993 531872
557404 -340587
-236228 -416698
-449328 -697736
-776405 -611002
-3260 574339
-817530 114135
-621565 -444547
200840 488632
-138874 -184975
269976 57438
881093 -3933
682762 -96990
465216 706994
672886 -577592
381296 -929703
560405 341463
487243 355604
682645 698143
949911 -925451
382478 689383
582072 356404
-858515 -756716
661463 -559139
-609405 159459
-566894 323613
139213 -947255
-901677 -435707
-376195 242741
-218578 181092
-637483 -259126
-269227 -261272
-455523 -55614
-467840 -787423
987484 -210256
-391640 -41927
-378735 328809
-419923 692774
-890043 -772415
995866 443748
-278559 801671
-602957 375530
-191931 116017
326325 721627
150899 -718305
775737 -639306
403713 404376
-352379 833633
127577 536025
-612898 512352
-349678 311574
421574 823596
28568 241936
384077 553242
559125 -202242
315339 -933195
597225 -10045
-803143 521574
-770267 -252324
-786826 -264241
-765634 -449880
-867633 -304456
-915835 -818771
464630 -950805
-423499 199380
-419825 993747
-290163 -833386
856072 -336856
609753 -799069
-484688 869504
962958 -771378
-240543 -687614
623509 361595
187927 -568983
-767034 -473397
-11249 519922
559815 913383
-956637 -674881
945941 -838317
227897 328313
598907 997283
-575248 327716
-380142 -627130
442936 338542
328264 714950
91483 -533361
964938 -205502
-24184 -156299
-217475 428899
-947803 -283246
-349857 27298
758428 304045
-652357 165011
-938572 870527
384391 137888
-90749 -723875
413460 784648
273342 980212
446696 -655927
457239 -213869
-311820 -245007
-64322 893758
-786580 -132948
-424597 265424
-16919 997784
790507 -32600
81280 829918
-9415 571672
-477 384443
-801812 111594
-232448 -831482
-598695 527708
710395 808251
522366 973715
884764 -559330
314017 756491
410207 471210
-203473 919253
140358 -769513
-607406 98596
-715785 415530
960744 -847151
707433 -906639
-644854 -799372
-365908 -487838
527308 201267
-268355 -856285
-957793 -727079
208130 -628332
714767 -483143
219083 -494513
-187850 -240350
573442 -565963
78238 971316
602892 558892
713573 -737382
544926 -269747
780635 -983481
563708 674248
495974 -369425
226699 781072
616579 -437247
537545 -933975
315071 -626251
218179 683471
-686025 474088
177201 -887916
126709 686422
-586650 -300916
738758 -356338
-239227 -69838
-225025 645554
-456520 163678
861978 -408500
-545266 370381
-301578 128299
713437 -594650
439369 184957
-881443 142194
-397002 621641
735892 619893
-631373 -447544
-826296 287811
-557646 -503554
-975184 -591007
493277 -529324
-278816 -531189
-229084 949842
-401192 -434917
662257 108685
-815658 -859646
200827 424219
851836 -382073
322027 -121039
-568624 86515
-412707 -858881
-244992 983334
-257661 -504238
-297866 775731
-937619 557854
-403712 -527098
-470625 -719881
-640468 -559710
-19960 -924156
680256 103076
840447 796109
684345 -567187
204259 -656265
286729 901185
-75574 -683656
532710 971867
596547 -779943
5112 120349
-468084 -58187
-555896 -449410
904295 -101951
-744432 -182513
-644628 991682
-745426 755942
652834 428866
-858056 22260
828068 828811
642180 -562758
300890 -744606
836562 -730148
-384370 11441
996175 238778
-147312 -667943
-175100 -39321
-348672 24766
227404 718877
-414936 134535
-851403 852254
-979536 191457
-921822 -519617
-653621 -13444
983602 -616658
-154488 -642243
-619373 -2676
411154 398774
258881 -21116
-70198 183516
814773 551502
936460 -988631
-32873 -566891
354342 -322860
865139 30317
749482 532527
-754154 -17794
-579501 -645882
293731 -669568
457319 297562
204035 -508809
-424288 -217615
-71318 -480267
612974 101176
-163974 -780633
-181002 468414
684785 -576125
-562851 -311949
465510 170295
87027 873441
664641 464998
338998 654113
-163931 82078
-205107 483872
-723246 524270
70359 918982
-986635 -181583
-518143 436097
904347 739752
-49530 236437
-18330 -258108
548301 -725008
-423566 -641986
-135206 -775343
-32782 456390
705030 -46366
666611 -127482
978025 -288036
414037 -663277
-267278 -848447
-583472 999850
-65640 -760555
381867 523901
623091 -78542
52462 411033
43242 650829
-980438 -715182
182160 -554455
71493 976301
-504572 349304
955093 328894
-309833 41355
972083 232854
158473 -328774
-680950 475497
574204 626495
188717 -18944
46753 104043
-205661 177431
242563 97033
-609748 755139
241462 355477
910133 -837589
-627847 -365595
387007 99889
-601226 -582281
-848003 487788
47401 534509
-201988 -290146
4360 -829167
-720025 135852
-450937 -599913
379077 901741
-883989 -36714
270306 405466
283044 -29398
-214729 -700554
-805565 573766
-776755 816528
572526 -17193
-285830 792375
-873836 573289
68672 185752
-35278 -873041
-349687 -511492
143359 135051
-544937 145048
-177158 -120561
348982 814180
-141386 -740769
683940 531592
174300 445295
-346831 507163
337629 -150732
286560 382892
-792148 559564
-586827 -390423
-721194 222540
-966397 -780051
648844 243542
900571 497028
-664271 984109
-558161 -401202
-72543 -361839
938687 -865272
690351 -150888
298730 702302
640194 -564212
-11074 -919506
-403868 801259
943802 877389
101613 -401315
-564741 693287
-324178 321822
870096 -504314
187549 299429
-561592 -254016
-366720 -523917
-63348 -656693
-692469 267906
-818316 -113880
344037 727682
581983 -432099
-206794 -479889
740395 713717
-751169 48534
-252743 -732843
-7327 -213619
-456702 -530770
-310231 632386
-759330 -82198
937608 -226707
-799270 -704710
561019 -292209
-754636 -696168
621542 -99410
963773 954200
334561 693476
-52590 -409294
-130062 -235238
-281289 156719
997615 542570
-957324 -579813
731591 176939
391193 963303
-176703 -837806
-156643 537527
243425 -544908
58202 -257153
799615 -780062
834200 -175569
904963 -82572
540755 340104
508415 -816264
924974 713468
-205271 24355
-909757 262410
424569 618801
-26022 -329245
-453247 649660
-162969 418301
345310 -484304
-27027 997447
-485699 -165400
-355140 412545
-377962 -7221
-858865 314378
-19307 -580319
237812 -130146
-765492 -188322
619908 64965
-105984 -342230
212047 507589
848196 337003
-746255 320520
-799728 -536498
-809987 -462106
797208 606707
-262166 153167
328317 -42186
284461 885959
-377109 992040
-541027 598564
-871110 669108
555811 -570814
511096 -986160
630623 -901140
848832 74018
976763 851881
760298 993493
-920889 338844
-660845 569701
336861 807342
-292837 31812
764569 -750496
632749 74454
-23004 -591165
-397085 668781
-54359 647813
852466 -991557
-88108 -376397
-172626 -391879
-828955 -449653
723995 -361364
854217 160015
-189151 298996
757964 764438
-49037 654811
-940769 -21650
-6872 639670
898790 -955162
-962696 466337
548472 943848
-937842 -49921
423202 -296171
-340328 50753
-831927 639168
-385022 -548419
-839445 -68693
-151346 208862
-430167 649092
-331965 -42576
602401 -944557
680101 -827162
546734 -160994
-562837 -260709
284178 374931
-510397 -558144
544255 -88614
-7135 -83603
-903552 -278804
484389 893349
759837 -985809
30263 -193606
979429 900645
981129 -15958
-96172 399426
-249703 -496468
-566789 -856844
-716204 -487330
-468340 -647899
801844 -883083
333925 -427410
-42816 -895828
748546 771227
-864376 342711
-797672 -937436
784232 -43862
536325 836792
635642 575351
363677 -239603
-452291 -19512
945362 570925
223897 -630733
17594 -388009
486438 -451478
570442 -6803
-122337 -195116
-531012 22094
-572354 -41979
-412196 662276
971988 281383
-596642 503169
-660924 -156207
437168 -263205
-608538 -84455
-91120 -504715
850760 797529
868350 -874640
-121743 515716
850550 879768
-676159 -888096
909199 -442734
347051 -842599
405141 -181861
-325710 264197
-490156 800180
-75344 -762394
526220 -58790
-784175 -905877
823346 327268
-861665 -623762
171825 79466
368332 81351
391154 7624
-29515 -843036
-906948 -653591
-304869 567926
422260 785264
134355 -995087
577143 979166
-947790 490158
658835 -107000
-800809 445898
-870072 916961
697559 144671
746193 15823
518959 -719804
633235 560616
476614 77769
-766326 -692859
-440130 447255
8356 555823
-602364 737975
-603621 86696
648947 310018
28675 -637026
-637059 -807487
878095 -321736
-579564 -326699
-752020 -141036
405528 -145404
-990214 -969547
588835 -805504
638134 870349
-117441 -572424
400508 -92034
635441 22739
-637444 -876977
-925000 134975
-102534 729976
761475 -750827
968452 527067
-374326 -443044
347671 -821525
854809 -424360
-169005 525986
-675220 923014
557430 -813407
922085 645988
493321 -101406
-254741 -78874
434362 -888876
692159 -315955
465610 425902
976978 -637718
-970391 -133256
-287237 -851754
870031 558071
663126 359082
903558 231162
-497628 -280217
-201725 120516
-570371 -263559
445447 -665272
-476601 415269
695731 398858
476868 303181
-126197 856624
301279 175034
312473 -653652
501327 -293200
909402 -958033
-666407 239027
143544 294802
34009 624219
858832 -769407
941384 626638
840303 5809
551528 -528673
-313993 557137
-402675 89665
631164 271291
46688 -634176
932321 83026
-849011 -90454
-664742 63342
-726426 452326
-223854 904976
-971998 -231996
-245223 -777190
-379011 -131706
967263 975828
-408783 202034
-589386 837658
-806944 -137678
22087 -188540
-793512 -615944
-914418 712906
-814171 -272023
295920 386722
100902 234009
126517 -297074
-945748 95276
-776412 -347810
-42533 829723
116435 -638001
-433386 -435340
-634162 90324
587002 -391943
200285 -21019
343922 -227092
813792 493435
-664207 246529
-423476 -809356
374225 -982681
-239550 -231394
-121133 752249
-770383 -738032
-254710 678351
866298 613826
-77730 -305166
900898 -123908
-178083 -510539
-154966 -337210
-349181 -614347
-577747 -136373
356186 -370313
-315558 -926191
46944 -409083
-251272 437208
957106 -59148
624553 -636909
396060 -579211
57865 -12841
-666898 -502420
141159 -168895
-92964 642094
73262 542584
-442074 423048
-147584 728647
108923 -687478
-836319 -378683
-384216 -231322
391737 -574861
861193 340985
-794026 -240195
943947 -241109
521170 -121774
-222351 -372000
-875801 44548
-744429 -249784
-644093 -14132
314190 -268616
-325950 581160
302567 154871
440716 302938
209040 -187878
-704508 395852
135006 -877263
534070 844864
-729469 -597700
95675 226265
594960 -673274
-973027 625773
-683047 -459216
292801 803204
-241262 299042
-532435 -391432
686507 139565
15596 820371
470122 33695
-215026 -804240
531935 -61583
-131346 246516
-971833 -354998
-354009 -967440
58301 621026
163757 -545431
-270161 -113185
355145 70963
-446349 906397
-953363 -78888
516486 281114
-739440 298038
-787048 -935283
883391 -556786
-253469 46427
-736075 -262640
-107530 964054
472011 10025
754496 868502
909598 -937192
-962659 -998211
-752480 800795
-849976 -861859
-879220 913502
-722887 -312250
311515 455613
369485 -486926
625198 -686251
-805156 481257
326323 121004
494933 -16738
961622 -709660
-699742 886165
200776 -440322
70528 358742
879464 -107045
84776 -656681
250335 -689235
174880 86178
-137264 505970
550057 -412149
-669752 -38370
-157348 996992
-454720 456765
711582 660427
527322 -90134
737653 907984
566084 -487390
147456 617972
-808307 -183147
-98334 718436
439511 -917673
762076 -980745
521936 744135
380787 308379
-216179 -202808
573408 -677032
-213991 -37537
-299619 681996
251125 -224463
-708923 -68668
307283 573632
-208726 -349706
-974069 12562
571264 958684
280512 -538321
-646603 -730695
37905 -39639
-266732 944906
-492470 448485
-899979 903693
-645069 -16504
315890 -880274
519724 -594032
-382103 233530
488057 -135746
683476 -21443
407522 -893081
910754 163331
-443682 2657
-401214 531043
-583778 -893086
-266449 -563153
-399802 553159
280330 -160337
-496901 -632934
158901 -196520
296807 -636899
-383332 952729
115542 545070
-837021 -320279
-160838 -339901
-35019 780360
-920361 -260195
-205057 -49667
690036 -621707
501692 35905
618143 -875701
866210 -847808
-650242 -292213
58112 -384386
125957 11546
134019 3022
-177935 -164012
-180743 838309
811434 552558
980845 311668
883267 -989293
180619 102804
654738 -325778
-423161 -497364
-282505 411988
-99728 -483020
16935 206404
-960642 -167713
-299386 137323
-225673 -725958
260512 -304870
-713446 162270
89224 529886
-203216 -403153
-100822 699663
-561631 10234
253425 865194
-375867 426525
602951 -590350
-167168 781328
238384 190907
113403 37339
952577 -250789
-208805 -608070
50088 576203
-443385 880723
323669 450148
-900092 482657
-894460 753313
566751 755480
-789330 398040
994906 489229
-794773 113308
562607 -718374
551796 929071
107018 215141
355749 -736636
-477216 6341
-237559 -390392
751474 670328
-709757 -669310
-12622 728590
247551 692282
525365 107622
-951669 -527152
775500 -745553
600543 96893
496793 -361082
107202 841035
-755764 306303
-809215 -578064
564441 526346
57812 -338175
-443249 938474
-683436 281533
-424380 148713
-474559 701890
212559 74309
981979 194045
652250 281407
222995 461768
970094 -41925
159701 407569
250937 -343491
480072 318379
-86256 508104
537337 353900
-290993 -840064
709246 340321
322706 572362
-727226 60943
553373 388395
-916553 -745440
-819527 570113
49250 722573
-83987 -485912
47022 -42572
-47662 -797326
959862 290883
-169938 -832368
820279 725491
633260 -649531
-677788 489800
276207 -627675
235816 898486
387275 -498060
-202438 826418
-156526 -30182
-296039 976051
-288402 -801208
641361 -948090
-693418 -667672
-212173 381675
450056 -683221
-220339 669128
-256526 65112
-313231 469819
735367 -66895
-736818 -266693
458128 959047
-167696 -62436
613834 -861232
569048 555714
738935 -297015
49246 -299554
-221011 -316998
38530 723839
-993083 547251
-172266 -849936
-83157 94252
-835961 -560319
633581 800833
-20301 -206573
-46933 -611847
548164 -217149
-348975 481014
725277 -241951
134450 -901756
344340 -847145
360575 924010
-968520 924049
-500760 687428
-169474 -452403
31150 -148331
-869319 629114
-368810 363396
-842232 17186
-657669 769278
-401645 67734
-611227 -2062
37222 -51722
665370 -17117
101105 -589577
-871832 987589
-365791 273315
-267015 -284275
-797045 364899
192640 555910
565988 687488
203378 -809289
-10025 292958
960989 -869242
288460 -683670
868775 132015
735017 812805
-820354 326027
846124 -685671
-978770 84634
858173 -188828
-1828 -445318
836102 409271
393975 78435
918186 -337758
-897402 146482
45113 356095
-105759 -415587
-760201 329364
742039 371115
-745122 -784651
-480410 935025
-649117 974710
779336 -923442
-545031 615342
783204 -794897
822474 324304




1

4 3
3 3
5 4
5 -5
4 5




2
2 1
0 -4
0 8
2 1
0 4
0 -8



1
2 2
-1 2
2 -4


1
2 1
-4 8
8 -4


2

2 1
-4 8
8 -4

2 2
-4 8
8 -4


1

4 3
3 3
5 4
5 -5
4 5

